/home/drrobot1/rgbdslam_catkin_ws/rgbdslam_og1.pcd,0.13,0.02,15.8285,4.08276,15.5899,3.97921,0.00155166,1.84148,5.59138,0.387818,1.50788,100000
/home/drrobot1/rgbdslam_catkin_ws/rgbdslam_og1.pcd,0.13,0.02,26.2631,7.54323,26.0455,7.46254,0.00154869,1.84592,5.356,0.385026,0.578302,100000
/home/drrobot1/rgbdslam_catkin_ws/rgbdslam_og1.pcd,0.13,0.02,9.26069,0.29066,9.025,0.271431,0.00105335,1.8512,6.29307,0.464171,1.12056,100000
/home/drrobot1/rgbdslam_catkin_ws/rgbdslam_og2.pcd,0.13,0.02,0.108352,0.000191979,0,2.8976e-05,0.000577193,0.767419,5.72249,1.22362,0.396842,100000
/home/drrobot1/rgbdslam_catkin_ws/rgbdslam_og2.pcd,0.13,0.02,0.356083,0.00155758,0.213062,0.000548655,0.000603601,0.759534,4.95773,0.963422,0.394879,100000
/home/drrobot1/rgbdslam_catkin_ws/rgbdslam_og2.pcd,0.13,0.02,0.0279765,2.85638e-12,0.0395647,1.3717e-05,0.000568718,0.763121,5.47218,1.15633,0.392458,100000
/home/drrobot1/rgbdslam_catkin_ws/rgbdslam_og3.pcd,0.13,0.02,0.2307,0.000680685,0.111906,0.00026359,0.000439147,3.29012,21.6362,0.805972,1.49333,100000
/home/drrobot1/rgbdslam_catkin_ws/rgbdslam_og3.pcd,0.13,0.02,0.0279765,0.000196311,0,7.32165e-05,0.000440296,3.31093,21.2163,0.727538,1.50732,100000
/home/drrobot1/rgbdslam_catkin_ws/rgbdslam_og3.pcd,0.13,0.02,0.305187,0.00331381,0.239031,0.00173187,0.00044752,3.29162,21.9592,0.573143,1.50064,100000
/home/drrobot1/rgbdslam_catkin_ws/rgbdslam_og4.pcd,0.13,0.02,0.142653,0.000181692,0.139882,9.29351e-05,0.00065177,1.92346,13.8238,0.869683,2.09103,100000
/home/drrobot1/rgbdslam_catkin_ws/rgbdslam_og4.pcd,0.13,0.02,169.297,16.0668,169.297,16.0668,1.79769e+308,1.92789,14.0309,0.854023,19.537,100000
/home/drrobot1/rgbdslam_catkin_ws/rgbdslam_og4.pcd,0.13,0.02,0.718188,0.00332317,0.619288,0.00255242,0.000742939,1.95332,15.0501,0.989676,2.17575,100000
/home/drrobot1/rgbdslam_catkin_ws/rgbdslam_og1.pcd,0.13,0.04,5.49497,0.0328272,5.52648,0.0314599,0.000846893,1.81002,5.67385,0.383663,0.904687,100000
/home/drrobot1/rgbdslam_catkin_ws/rgbdslam_og1.pcd,0.13,0.04,34.2814,7.14156,34.3634,7.18211,0.00156334,1.83166,6.09599,0.455841,0.609574,100000
/home/drrobot1/rgbdslam_catkin_ws/rgbdslam_og1.pcd,0.13,0.04,126.656,172.676,126.645,172.719,0.00222451,1.80052,6.42706,0.432104,2.5811,100000
/home/drrobot1/rgbdslam_catkin_ws/rgbdslam_og2.pcd,0.13,0.04,0.724157,0.0011396,0.490986,0.000585976,0.000628245,0.770206,5.04106,0.30003,0.400686,100000
/home/drrobot1/rgbdslam_catkin_ws/rgbdslam_og2.pcd,0.13,0.04,0.0279765,6.03961e-13,0.0625573,1.6496e-05,0.000572687,0.766866,5.76586,0.73105,0.393185,100000
/home/drrobot1/rgbdslam_catkin_ws/rgbdslam_og2.pcd,0.13,0.04,1.18333,0.0187507,0.942946,0.0121411,0.000731343,0.767969,5.07873,0.357484,0.396173,100000
/home/drrobot1/rgbdslam_catkin_ws/rgbdslam_og3.pcd,0.13,0.04,0.725237,0.00644238,0.549652,0.00395544,0.000486784,3.30465,21.5678,0.265028,1.51139,100000
/home/drrobot1/rgbdslam_catkin_ws/rgbdslam_og3.pcd,0.13,0.04,0,4.12115e-13,0.0395647,9.28273e-06,0.000428819,3.2895,22.2635,0.335988,1.50792,100000
/home/drrobot1/rgbdslam_catkin_ws/rgbdslam_og3.pcd,0.13,0.04,0,1.56293e-11,0,5.2269e-06,0.000432227,3.24557,21.5459,0.31035,1.49288,100000
/home/drrobot1/rgbdslam_catkin_ws/rgbdslam_og4.pcd,0.13,0.04,122.631,11.0916,122.57,11.0749,0.00232153,1.92354,13.8567,0.864511,3.22466,100000
/home/drrobot1/rgbdslam_catkin_ws/rgbdslam_og4.pcd,0.13,0.04,1.42546,0.0382401,1.28024,0.0318767,0.000894915,1.92247,14.8739,0.939464,2.07176,100000
/home/drrobot1/rgbdslam_catkin_ws/rgbdslam_og4.pcd,0.13,0.04,1.26269,0.00588358,1.13712,0.00471615,0.000772286,1.91757,15.1215,1.01174,2.18116,100000
/home/drrobot1/rgbdslam_catkin_ws/rgbdslam_og1.pcd,0.13,0.06,159.93,164.558,159.76,164.578,0.00257995,1.85217,5.53351,0.369704,0.674575,100000
/home/drrobot1/rgbdslam_catkin_ws/rgbdslam_og1.pcd,0.13,0.06,1.92478,0.00963705,1.8032,0.00754625,0.000715677,1.85051,5.41101,0.282326,1.32871,100000
/home/drrobot1/rgbdslam_catkin_ws/rgbdslam_og1.pcd,0.13,0.06,4.4102,0.262097,4.36107,0.254413,0.000907158,1.84979,5.57195,0.35644,1.23709,100000
/home/drrobot1/rgbdslam_catkin_ws/rgbdslam_og2.pcd,0.13,0.06,0.359365,0.000411447,0.331022,0.000142067,0.000620795,0.768497,4.49962,0.114941,0.385461,100000
/home/drrobot1/rgbdslam_catkin_ws/rgbdslam_og2.pcd,0.13,0.06,0.416841,0.000746512,0.276953,0.000370544,0.000631366,0.775327,4.55479,0.192397,0.406136,100000
/home/drrobot1/rgbdslam_catkin_ws/rgbdslam_og2.pcd,0.13,0.06,1.85013,0.0224962,1.57321,0.0151092,0.000889864,0.758618,4.83512,0.235845,0.387371,100000
/home/drrobot1/rgbdslam_catkin_ws/rgbdslam_og3.pcd,0.13,0.06,0.650118,0.00214727,0.541041,0.000811928,0.000506938,3.28015,22.0382,0.382326,1.51181,100000
/home/drrobot1/rgbdslam_catkin_ws/rgbdslam_og3.pcd,0.13,0.06,0.950387,0.00504326,0.828979,0.00322823,0.000506498,3.27229,22.6473,0.63563,1.54591,100000
/home/drrobot1/rgbdslam_catkin_ws/rgbdslam_og3.pcd,0.13,0.06,0,2.78763e-12,0,1.95975e-06,0.000429637,3.2811,21.9627,0.176443,1.51818,100000
/home/drrobot1/rgbdslam_catkin_ws/rgbdslam_og4.pcd,0.13,0.06,2.23108,0.00953557,2.08131,0.00809743,0.000814825,1.90022,14.0903,0.866665,2.19852,100000
/home/drrobot1/rgbdslam_catkin_ws/rgbdslam_og4.pcd,0.13,0.06,0.709967,0.00175971,0.570612,0.00110396,0.000673891,1.90501,13.817,0.827496,2.17923,100000
/home/drrobot1/rgbdslam_catkin_ws/rgbdslam_og4.pcd,0.13,0.06,3.10967,0.0364617,2.93905,0.0322619,0.000904511,1.93106,14.2182,0.87287,2.33793,100000
/home/drrobot1/rgbdslam_catkin_ws/rgbdslam_og1.pcd,0.13,0.08,8.94865,0.6157,8.94435,0.615593,0.00113675,1.85376,6.07647,0.437229,0.533968,100000
/home/drrobot1/rgbdslam_catkin_ws/rgbdslam_og1.pcd,0.13,0.08,71.0443,26.6217,70.932,26.5426,0.0020402,1.84976,5.98268,0.425939,0.753406,100000
/home/drrobot1/rgbdslam_catkin_ws/rgbdslam_og1.pcd,0.13,0.08,10.9758,2.18624,10.8205,2.12572,0.00126073,1.83393,6.55756,0.494147,1.10249,100000
/home/drrobot1/rgbdslam_catkin_ws/rgbdslam_og2.pcd,0.13,0.08,0.0395647,3.43209e-05,0.0559529,1.01531e-05,0.000567041,0.769332,4.54716,0.052818,0.39233,100000
/home/drrobot1/rgbdslam_catkin_ws/rgbdslam_og2.pcd,0.13,0.08,0.0279765,1.53655e-13,0.0395647,3.715e-06,0.000569191,0.762685,4.95664,0.238787,0.394715,100000
/home/drrobot1/rgbdslam_catkin_ws/rgbdslam_og2.pcd,0.13,0.08,0,5.562e-12,0.0395647,2.42262e-05,0.000569109,0.767582,5.55031,0.193014,0.392449,100000
/home/drrobot1/rgbdslam_catkin_ws/rgbdslam_og3.pcd,0.13,0.08,1.06054,0.0142299,0.858206,0.00941198,0.0005449,3.28097,21.8874,0.320802,1.52405,100000
/home/drrobot1/rgbdslam_catkin_ws/rgbdslam_og3.pcd,0.13,0.08,1.42875,0.0501828,1.17069,0.0343201,0.000614493,3.27894,22.1295,0.214318,1.53433,100000
/home/drrobot1/rgbdslam_catkin_ws/rgbdslam_og3.pcd,0.13,0.08,1.48042,0.0164262,1.25429,0.0118551,0.000608981,3.23992,21.5577,0.107977,1.52308,100000
/home/drrobot1/rgbdslam_catkin_ws/rgbdslam_og4.pcd,0.13,0.08,15.0909,0.326772,15.0372,0.324312,0.00175615,2.06583,14.1811,0.835084,1.63271,100000
/home/drrobot1/rgbdslam_catkin_ws/rgbdslam_og4.pcd,0.13,0.08,0.808909,0.00240729,0.739664,0.0021071,0.000858398,1.92908,14.0467,0.833006,2.14744,100000
/home/drrobot1/rgbdslam_catkin_ws/rgbdslam_og4.pcd,0.13,0.08,5.65638,0.0836022,5.43942,0.0768719,0.00115282,1.91263,14.2748,0.853146,2.542,100000
/home/drrobot1/rgbdslam_catkin_ws/rgbdslam_og1.pcd,0.13,0.1,0.636737,0.00473464,0.427958,0.00241548,0.000628984,1.84273,6.29096,0.421077,1.50572,100000
/home/drrobot1/rgbdslam_catkin_ws/rgbdslam_og1.pcd,0.13,0.1,63.3423,58.9957,63.2724,58.9487,0.00194961,1.84,5.51003,0.377563,1.48645,100000
/home/drrobot1/rgbdslam_catkin_ws/rgbdslam_og1.pcd,0.13,0.1,125.624,53.091,125.546,53.1439,0.00165646,1.82153,5.43951,0.364962,1.70053,100000
/home/drrobot1/rgbdslam_catkin_ws/rgbdslam_og2.pcd,0.13,0.1,2.19071,0.110846,1.71029,0.0692525,0.00169354,0.769651,4.61901,0.107523,0.416269,100000
/home/drrobot1/rgbdslam_catkin_ws/rgbdslam_og2.pcd,0.13,0.1,0.148038,4.2105e-05,0,4.35395e-06,0.00057504,0.772431,5.1099,0.343092,0.397197,100000
/home/drrobot1/rgbdslam_catkin_ws/rgbdslam_og2.pcd,0.13,0.1,0,1.16729e-12,0.0559529,1.24198e-05,0.000571928,0.761663,4.42517,0.064051,0.391277,100000
/home/drrobot1/rgbdslam_catkin_ws/rgbdslam_og3.pcd,0.13,0.1,1.11171,0.00542006,0.99544,0.00398966,0.000537723,3.29128,21.564,0.279652,1.47498,100000
/home/drrobot1/rgbdslam_catkin_ws/rgbdslam_og3.pcd,0.13,0.1,1.13849,0.00100754,1.11487,0.000799952,0.00061152,3.28228,21.8176,0.186478,1.43756,100000
/home/drrobot1/rgbdslam_catkin_ws/rgbdslam_og3.pcd,0.13,0.1,0.947087,0.00144741,0.827089,0.000409732,0.000582226,3.27422,21.4163,0.112208,1.4866,100000
/home/drrobot1/rgbdslam_catkin_ws/rgbdslam_og4.pcd,0.13,0.1,6.01112,0.353691,5.93564,0.342534,0.00128535,2.26972,14.3003,0.519122,2.35959,100000
/home/drrobot1/rgbdslam_catkin_ws/rgbdslam_og4.pcd,0.13,0.1,2.04028,0.0122283,2.01848,0.0124193,0.00123118,1.92244,14.2603,0.893078,2.27056,100000
/home/drrobot1/rgbdslam_catkin_ws/rgbdslam_og4.pcd,0.13,0.1,0,9.74332e-13,0.0625573,8.87854e-06,0.000637876,1.94332,14.511,0.911647,2.15783,100000