
/home/drrobot1/rgbdslam_catkin_ws/rgbdslam_og1.pcd,0.13,0.02,116.924,3.84458,116.924,3.84458,1.79769e+308,1.85189,6.39244,0.046359,0.404282,10000
/home/drrobot1/rgbdslam_catkin_ws/rgbdslam_og1.pcd,0.13,0.02,95.352,1.80489,95.4113,1.7571,0.00200071,1.84478,6.53963,0.048874,0.961625,10000
/home/drrobot1/rgbdslam_catkin_ws/rgbdslam_og1.pcd,0.13,0.02,9.24705,0.854613,9.11193,0.823927,0.00111347,1.86414,6.08413,0.042806,1.1388,10000
/home/drrobot1/rgbdslam_catkin_ws/rgbdslam_og2.pcd,0.13,0.02,0.469806,0.0031835,0.422436,0.00213481,0.000642702,0.764486,5.38141,0.110395,0.398111,10000
/home/drrobot1/rgbdslam_catkin_ws/rgbdslam_og2.pcd,0.13,0.02,0.179137,0.000649421,0.0884693,0.000210297,0.000583786,0.772941,4.62374,0.082761,0.399482,10000
/home/drrobot1/rgbdslam_catkin_ws/rgbdslam_og2.pcd,0.13,0.02,1.13539,0.0258518,0.901355,0.0156398,0.000748674,0.768676,4.53292,0.083744,0.39666,10000
/home/drrobot1/rgbdslam_catkin_ws/rgbdslam_og3.pcd,0.13,0.02,1.78619,0.0140183,1.57097,0.010278,0.000919268,3.27671,21.9467,0.133925,1.51929,10000
/home/drrobot1/rgbdslam_catkin_ws/rgbdslam_og3.pcd,0.13,0.02,6.27448,0.41809,5.89282,0.367064,0.00143452,3.28754,22.2472,0.136165,1.59069,10000
/home/drrobot1/rgbdslam_catkin_ws/rgbdslam_og3.pcd,0.13,0.02,0.615485,0.00215543,0.473126,0.00110576,0.000466494,3.2708,21.5497,0.126297,1.52015,10000
/home/drrobot1/rgbdslam_catkin_ws/rgbdslam_og4.pcd,0.13,0.02,113.422,16.1859,113.385,16.1349,0.00176116,1.91776,15.2467,0.08814,2.79481,10000
/home/drrobot1/rgbdslam_catkin_ws/rgbdslam_og4.pcd,0.13,0.02,145.2,7.46066,145.2,7.46066,1.79769e+308,1.88962,15.2878,0.100193,9.08868,10000
/home/drrobot1/rgbdslam_catkin_ws/rgbdslam_og4.pcd,0.13,0.02,104.276,12.6447,104.516,12.6527,0.00440206,1.92532,15.9089,0.112909,3.64159,10000
/home/drrobot1/rgbdslam_catkin_ws/rgbdslam_og1.pcd,0.13,0.04,171.17,100.571,171.163,100.531,0.00144661,1.86077,6.30748,0.045039,1.18851,10000
/home/drrobot1/rgbdslam_catkin_ws/rgbdslam_og1.pcd,0.13,0.04,16.3791,0.442763,16.3157,0.45269,0.00114662,1.87042,5.9511,0.044391,0.632365,10000
/home/drrobot1/rgbdslam_catkin_ws/rgbdslam_og1.pcd,0.13,0.04,45.3457,9.29114,45.2003,9.24466,0.00166505,1.85119,6.09725,0.040135,0.686683,10000
/home/drrobot1/rgbdslam_catkin_ws/rgbdslam_og2.pcd,0.13,0.04,0.638578,0.00315227,0.508989,0.00150119,0.000635215,0.771901,4.51428,0.077468,0.39599,10000
/home/drrobot1/rgbdslam_catkin_ws/rgbdslam_og2.pcd,0.13,0.04,2.00662,0.0490004,1.69165,0.0330978,0.00098893,0.760771,5.65168,0.128013,0.389625,10000
/home/drrobot1/rgbdslam_catkin_ws/rgbdslam_og2.pcd,0.13,0.04,0.275536,0.000587689,0.163129,9.57628e-05,0.000619926,0.755514,4.49151,0.077449,0.391267,10000
/home/drrobot1/rgbdslam_catkin_ws/rgbdslam_og3.pcd,0.13,0.04,0.921536,0.00321968,0.792288,0.00208673,0.000538732,3.27648,22.0657,0.140677,1.47416,10000
/home/drrobot1/rgbdslam_catkin_ws/rgbdslam_og3.pcd,0.13,0.04,0.901355,0.00291583,0.780845,0.00156875,0.000520475,3.26001,22.4196,0.144776,1.53645,10000
/home/drrobot1/rgbdslam_catkin_ws/rgbdslam_og3.pcd,0.13,0.04,0.814694,0.0190445,0.611658,0.0111183,0.000485444,3.30343,21.8764,0.129035,1.51548,10000
/home/drrobot1/rgbdslam_catkin_ws/rgbdslam_og4.pcd,0.13,0.04,159.75,69.4766,159.666,69.553,0.00180921,1.90904,15.2942,0.100684,1.56658,10000
/home/drrobot1/rgbdslam_catkin_ws/rgbdslam_og4.pcd,0.13,0.04,172.139,10.1358,172.174,10.1555,0.0021938,1.93707,14.3132,0.087581,3.41199,10000
/home/drrobot1/rgbdslam_catkin_ws/rgbdslam_og4.pcd,0.13,0.04,112.728,45.9516,112.722,45.9527,0.00251698,1.91582,15.0006,0.095917,1.89155,10000
/home/drrobot1/rgbdslam_catkin_ws/rgbdslam_og1.pcd,0.13,0.06,165.754,142.876,165.682,142.613,0.00287755,1.83004,5.73675,0.040142,2.4234,10000
/home/drrobot1/rgbdslam_catkin_ws/rgbdslam_og1.pcd,0.13,0.06,2.37306,0.0127918,2.32204,0.0104052,0.000676964,1.83567,6.24498,0.046793,1.16735,10000
/home/drrobot1/rgbdslam_catkin_ws/rgbdslam_og1.pcd,0.13,0.06,165.456,54.0712,165.465,54.1376,0.00172689,1.83374,6.37746,0.04823,0.827223,10000
/home/drrobot1/rgbdslam_catkin_ws/rgbdslam_og2.pcd,0.13,0.06,0.696612,0.00911841,0.431601,0.00353086,0.000651318,0.766296,4.39727,0.069451,0.398637,10000
/home/drrobot1/rgbdslam_catkin_ws/rgbdslam_og2.pcd,0.13,0.06,0,2.13163e-12,0.0559529,1.80856e-05,0.000569203,0.769093,4.94482,0.099034,0.391071,10000
/home/drrobot1/rgbdslam_catkin_ws/rgbdslam_og2.pcd,0.13,0.06,0.975985,0.0066045,0.808909,0.00392253,0.000752812,0.772357,5.11273,0.112153,0.407796,10000
/home/drrobot1/rgbdslam_catkin_ws/rgbdslam_og3.pcd,0.13,0.06,24.933,2.65096,24.8475,2.65655,0.00210168,3.30399,21.92,0.141773,0.868255,10000
/home/drrobot1/rgbdslam_catkin_ws/rgbdslam_og3.pcd,0.13,0.06,1.18035,0.00897038,1.00949,0.00569601,0.000588029,3.29565,21.6519,0.119193,1.57387,10000
/home/drrobot1/rgbdslam_catkin_ws/rgbdslam_og3.pcd,0.13,0.06,0.905686,0.0110886,0.780845,0.00770408,0.000585245,3.26025,21.7613,0.127594,1.52276,10000
/home/drrobot1/rgbdslam_catkin_ws/rgbdslam_og4.pcd,0.13,0.06,143.476,29.3584,143.385,29.3567,0.00269216,1.94562,14.1741,0.089814,1.7994,10000
/home/drrobot1/rgbdslam_catkin_ws/rgbdslam_og4.pcd,0.13,0.06,30.3866,10.3462,30.2466,10.2791,0.0019715,1.92534,13.9771,0.085717,1.64884,10000
/home/drrobot1/rgbdslam_catkin_ws/rgbdslam_og4.pcd,0.13,0.06,21.1201,4.51499,21.0597,4.48833,0.00189541,1.94051,14.1259,0.088544,1.45578,10000
/home/drrobot1/rgbdslam_catkin_ws/rgbdslam_og1.pcd,0.13,0.08,7.94764,2.98964,7.80429,2.93323,0.00132544,1.85186,5.35474,0.035317,0.599816,10000
/home/drrobot1/rgbdslam_catkin_ws/rgbdslam_og1.pcd,0.13,0.08,171.003,93.5953,170.986,93.7905,0.00229817,1.84737,5.94465,0.044465,0.818641,10000
/home/drrobot1/rgbdslam_catkin_ws/rgbdslam_og1.pcd,0.13,0.08,5.09801,0.0135129,4.95464,0.0114165,0.000899823,1.83534,5.92172,0.040679,1.52406,10000
/home/drrobot1/rgbdslam_catkin_ws/rgbdslam_og2.pcd,0.13,0.08,0.478063,0.00244076,0.373253,0.00131606,0.000628154,0.765041,4.89719,0.097628,0.395224,10000
/home/drrobot1/rgbdslam_catkin_ws/rgbdslam_og2.pcd,0.13,0.08,0.189746,0.000638323,0.068528,0.000118393,0.000576434,0.775873,4.67239,0.086706,0.406924,10000
/home/drrobot1/rgbdslam_catkin_ws/rgbdslam_og2.pcd,0.13,0.08,0.322641,0.00236045,0.262443,0.000883537,0.000626379,0.764267,4.64116,0.069714,0.389202,10000
/home/drrobot1/rgbdslam_catkin_ws/rgbdslam_og3.pcd,0.13,0.08,0.338041,0.00106618,0.296075,0.000596757,0.000519082,3.30429,21.8801,0.137532,1.52805,10000
/home/drrobot1/rgbdslam_catkin_ws/rgbdslam_og3.pcd,0.13,0.08,0.810842,0.00219343,0.63919,0.00133431,0.000506752,3.29793,21.0334,0.105977,1.49727,10000
/home/drrobot1/rgbdslam_catkin_ws/rgbdslam_og3.pcd,0.13,0.08,0.987545,0.00177359,0.823295,0.00122461,0.000520047,3.25752,22.4147,0.138015,1.51982,10000
/home/drrobot1/rgbdslam_catkin_ws/rgbdslam_og4.pcd,0.13,0.08,51.5834,36.8088,51.2108,36.2953,0.00162489,1.89783,15.2994,0.102087,4.08759,10000
/home/drrobot1/rgbdslam_catkin_ws/rgbdslam_og4.pcd,0.13,0.08,6.85861,0.200979,6.80164,0.199234,0.00130769,1.91402,14.0178,0.087408,1.9284,10000
/home/drrobot1/rgbdslam_catkin_ws/rgbdslam_og4.pcd,0.13,0.08,17.3974,0.261482,17.3165,0.255748,0.00187568,1.93308,14.5996,0.09342,1.72301,10000
/home/drrobot1/rgbdslam_catkin_ws/rgbdslam_og1.pcd,0.13,0.1,30.6241,5.31638,30.5139,5.24819,0.000914866,1.86184,6.04254,0.042908,2.24679,10000
/home/drrobot1/rgbdslam_catkin_ws/rgbdslam_og1.pcd,0.13,0.1,73.8493,36.7255,73.7442,36.622,0.00195258,1.81868,6.04637,0.039071,0.902352,10000
/home/drrobot1/rgbdslam_catkin_ws/rgbdslam_og1.pcd,0.13,0.1,89.524,76.0523,89.5419,76.0819,0.00211933,1.83692,5.7679,0.042019,0.575489,10000
/home/drrobot1/rgbdslam_catkin_ws/rgbdslam_og2.pcd,0.13,0.1,0.773291,0.0125233,0.533025,0.00643803,0.000732657,0.774346,4.57724,0.07484,0.393313,10000
/home/drrobot1/rgbdslam_catkin_ws/rgbdslam_og2.pcd,0.13,0.1,1.34756,0.0115505,1.14603,0.0075027,0.000826737,0.766384,5.36627,0.114547,0.396522,10000
/home/drrobot1/rgbdslam_catkin_ws/rgbdslam_og2.pcd,0.13,0.1,0.851338,0.00628883,0.758472,0.00486319,0.00078148,0.754461,5.03387,0.098148,0.397678,10000
/home/drrobot1/rgbdslam_catkin_ws/rgbdslam_og3.pcd,0.13,0.1,0.41212,0.000688772,0.399585,0.000715492,0.000602848,3.29182,21.0011,0.058487,1.50267,10000
/home/drrobot1/rgbdslam_catkin_ws/rgbdslam_og3.pcd,0.13,0.1,0.0395647,0.000111362,0,3.37262e-05,0.000435798,3.25893,21.6027,0.106217,1.50554,10000
/home/drrobot1/rgbdslam_catkin_ws/rgbdslam_og3.pcd,0.13,0.1,0,2.73204e-12,0,9.26707e-06,0.000431568,3.27115,21.2601,0.101531,1.48839,10000
/home/drrobot1/rgbdslam_catkin_ws/rgbdslam_og4.pcd,0.13,0.1,5.61248,0.449782,5.55873,0.44289,0.00136135,1.91179,14.6537,0.094041,1.8187,10000
/home/drrobot1/rgbdslam_catkin_ws/rgbdslam_og4.pcd,0.13,0.1,29.0273,3.02378,28.9825,3.00858,0.00174754,1.93326,14.6038,0.093216,0.936117,10000
/home/drrobot1/rgbdslam_catkin_ws/rgbdslam_og4.pcd,0.13,0.1,25.4875,3.25435,25.4651,3.24382,0.00136464,1.92406,15.0816,0.100193,2.63858,10000
/home/drrobot1/rgbdslam_catkin_ws/rgbdslam_og1.pcd,0.13,0.02,15.8285,4.08276,15.5899,3.97921,0.00155166,1.84148,5.59138,0.387818,1.50788,100000
/home/drrobot1/rgbdslam_catkin_ws/rgbdslam_og1.pcd,0.13,0.02,26.2631,7.54323,26.0455,7.46254,0.00154869,1.84592,5.356,0.385026,0.578302,100000
/home/drrobot1/rgbdslam_catkin_ws/rgbdslam_og1.pcd,0.13,0.02,9.26069,0.29066,9.025,0.271431,0.00105335,1.8512,6.29307,0.464171,1.12056,100000
/home/drrobot1/rgbdslam_catkin_ws/rgbdslam_og2.pcd,0.13,0.02,0.108352,0.000191979,0,2.8976e-05,0.000577193,0.767419,5.72249,1.22362,0.396842,100000
/home/drrobot1/rgbdslam_catkin_ws/rgbdslam_og2.pcd,0.13,0.02,0.356083,0.00155758,0.213062,0.000548655,0.000603601,0.759534,4.95773,0.963422,0.394879,100000
/home/drrobot1/rgbdslam_catkin_ws/rgbdslam_og2.pcd,0.13,0.02,0.0279765,2.85638e-12,0.0395647,1.3717e-05,0.000568718,0.763121,5.47218,1.15633,0.392458,100000
/home/drrobot1/rgbdslam_catkin_ws/rgbdslam_og3.pcd,0.13,0.02,0.2307,0.000680685,0.111906,0.00026359,0.000439147,3.29012,21.6362,0.805972,1.49333,100000
/home/drrobot1/rgbdslam_catkin_ws/rgbdslam_og3.pcd,0.13,0.02,0.0279765,0.000196311,0,7.32165e-05,0.000440296,3.31093,21.2163,0.727538,1.50732,100000
/home/drrobot1/rgbdslam_catkin_ws/rgbdslam_og3.pcd,0.13,0.02,0.305187,0.00331381,0.239031,0.00173187,0.00044752,3.29162,21.9592,0.573143,1.50064,100000
/home/drrobot1/rgbdslam_catkin_ws/rgbdslam_og4.pcd,0.13,0.02,0.142653,0.000181692,0.139882,9.29351e-05,0.00065177,1.92346,13.8238,0.869683,2.09103,100000
/home/drrobot1/rgbdslam_catkin_ws/rgbdslam_og4.pcd,0.13,0.02,169.297,16.0668,169.297,16.0668,1.79769e+308,1.92789,14.0309,0.854023,19.537,100000
/home/drrobot1/rgbdslam_catkin_ws/rgbdslam_og4.pcd,0.13,0.02,0.718188,0.00332317,0.619288,0.00255242,0.000742939,1.95332,15.0501,0.989676,2.17575,100000
/home/drrobot1/rgbdslam_catkin_ws/rgbdslam_og1.pcd,0.13,0.04,5.49497,0.0328272,5.52648,0.0314599,0.000846893,1.81002,5.67385,0.383663,0.904687,100000
/home/drrobot1/rgbdslam_catkin_ws/rgbdslam_og1.pcd,0.13,0.04,34.2814,7.14156,34.3634,7.18211,0.00156334,1.83166,6.09599,0.455841,0.609574,100000
/home/drrobot1/rgbdslam_catkin_ws/rgbdslam_og1.pcd,0.13,0.04,126.656,172.676,126.645,172.719,0.00222451,1.80052,6.42706,0.432104,2.5811,100000
/home/drrobot1/rgbdslam_catkin_ws/rgbdslam_og2.pcd,0.13,0.04,0.724157,0.0011396,0.490986,0.000585976,0.000628245,0.770206,5.04106,0.30003,0.400686,100000
/home/drrobot1/rgbdslam_catkin_ws/rgbdslam_og2.pcd,0.13,0.04,0.0279765,6.03961e-13,0.0625573,1.6496e-05,0.000572687,0.766866,5.76586,0.73105,0.393185,100000
/home/drrobot1/rgbdslam_catkin_ws/rgbdslam_og2.pcd,0.13,0.04,1.18333,0.0187507,0.942946,0.0121411,0.000731343,0.767969,5.07873,0.357484,0.396173,100000
/home/drrobot1/rgbdslam_catkin_ws/rgbdslam_og3.pcd,0.13,0.04,0.725237,0.00644238,0.549652,0.00395544,0.000486784,3.30465,21.5678,0.265028,1.51139,100000
/home/drrobot1/rgbdslam_catkin_ws/rgbdslam_og3.pcd,0.13,0.04,0,4.12115e-13,0.0395647,9.28273e-06,0.000428819,3.2895,22.2635,0.335988,1.50792,100000
/home/drrobot1/rgbdslam_catkin_ws/rgbdslam_og3.pcd,0.13,0.04,0,1.56293e-11,0,5.2269e-06,0.000432227,3.24557,21.5459,0.31035,1.49288,100000
/home/drrobot1/rgbdslam_catkin_ws/rgbdslam_og4.pcd,0.13,0.04,122.631,11.0916,122.57,11.0749,0.00232153,1.92354,13.8567,0.864511,3.22466,100000
/home/drrobot1/rgbdslam_catkin_ws/rgbdslam_og4.pcd,0.13,0.04,1.42546,0.0382401,1.28024,0.0318767,0.000894915,1.92247,14.8739,0.939464,2.07176,100000
/home/drrobot1/rgbdslam_catkin_ws/rgbdslam_og4.pcd,0.13,0.04,1.26269,0.00588358,1.13712,0.00471615,0.000772286,1.91757,15.1215,1.01174,2.18116,100000
/home/drrobot1/rgbdslam_catkin_ws/rgbdslam_og1.pcd,0.13,0.06,159.93,164.558,159.76,164.578,0.00257995,1.85217,5.53351,0.369704,0.674575,100000
/home/drrobot1/rgbdslam_catkin_ws/rgbdslam_og1.pcd,0.13,0.06,1.92478,0.00963705,1.8032,0.00754625,0.000715677,1.85051,5.41101,0.282326,1.32871,100000
/home/drrobot1/rgbdslam_catkin_ws/rgbdslam_og1.pcd,0.13,0.06,4.4102,0.262097,4.36107,0.254413,0.000907158,1.84979,5.57195,0.35644,1.23709,100000
/home/drrobot1/rgbdslam_catkin_ws/rgbdslam_og2.pcd,0.13,0.06,0.359365,0.000411447,0.331022,0.000142067,0.000620795,0.768497,4.49962,0.114941,0.385461,100000
/home/drrobot1/rgbdslam_catkin_ws/rgbdslam_og2.pcd,0.13,0.06,0.416841,0.000746512,0.276953,0.000370544,0.000631366,0.775327,4.55479,0.192397,0.406136,100000
/home/drrobot1/rgbdslam_catkin_ws/rgbdslam_og2.pcd,0.13,0.06,1.85013,0.0224962,1.57321,0.0151092,0.000889864,0.758618,4.83512,0.235845,0.387371,100000
/home/drrobot1/rgbdslam_catkin_ws/rgbdslam_og3.pcd,0.13,0.06,0.650118,0.00214727,0.541041,0.000811928,0.000506938,3.28015,22.0382,0.382326,1.51181,100000
/home/drrobot1/rgbdslam_catkin_ws/rgbdslam_og3.pcd,0.13,0.06,0.950387,0.00504326,0.828979,0.00322823,0.000506498,3.27229,22.6473,0.63563,1.54591,100000
/home/drrobot1/rgbdslam_catkin_ws/rgbdslam_og3.pcd,0.13,0.06,0,2.78763e-12,0,1.95975e-06,0.000429637,3.2811,21.9627,0.176443,1.51818,100000
/home/drrobot1/rgbdslam_catkin_ws/rgbdslam_og4.pcd,0.13,0.06,2.23108,0.00953557,2.08131,0.00809743,0.000814825,1.90022,14.0903,0.866665,2.19852,100000
/home/drrobot1/rgbdslam_catkin_ws/rgbdslam_og4.pcd,0.13,0.06,0.709967,0.00175971,0.570612,0.00110396,0.000673891,1.90501,13.817,0.827496,2.17923,100000
/home/drrobot1/rgbdslam_catkin_ws/rgbdslam_og4.pcd,0.13,0.06,3.10967,0.0364617,2.93905,0.0322619,0.000904511,1.93106,14.2182,0.87287,2.33793,100000
/home/drrobot1/rgbdslam_catkin_ws/rgbdslam_og1.pcd,0.13,0.08,8.94865,0.6157,8.94435,0.615593,0.00113675,1.85376,6.07647,0.437229,0.533968,100000
/home/drrobot1/rgbdslam_catkin_ws/rgbdslam_og1.pcd,0.13,0.08,71.0443,26.6217,70.932,26.5426,0.0020402,1.84976,5.98268,0.425939,0.753406,100000
/home/drrobot1/rgbdslam_catkin_ws/rgbdslam_og1.pcd,0.13,0.08,10.9758,2.18624,10.8205,2.12572,0.00126073,1.83393,6.55756,0.494147,1.10249,100000
/home/drrobot1/rgbdslam_catkin_ws/rgbdslam_og2.pcd,0.13,0.08,0.0395647,3.43209e-05,0.0559529,1.01531e-05,0.000567041,0.769332,4.54716,0.052818,0.39233,100000
/home/drrobot1/rgbdslam_catkin_ws/rgbdslam_og2.pcd,0.13,0.08,0.0279765,1.53655e-13,0.0395647,3.715e-06,0.000569191,0.762685,4.95664,0.238787,0.394715,100000
/home/drrobot1/rgbdslam_catkin_ws/rgbdslam_og2.pcd,0.13,0.08,0,5.562e-12,0.0395647,2.42262e-05,0.000569109,0.767582,5.55031,0.193014,0.392449,100000
/home/drrobot1/rgbdslam_catkin_ws/rgbdslam_og3.pcd,0.13,0.08,1.06054,0.0142299,0.858206,0.00941198,0.0005449,3.28097,21.8874,0.320802,1.52405,100000
/home/drrobot1/rgbdslam_catkin_ws/rgbdslam_og3.pcd,0.13,0.08,1.42875,0.0501828,1.17069,0.0343201,0.000614493,3.27894,22.1295,0.214318,1.53433,100000
/home/drrobot1/rgbdslam_catkin_ws/rgbdslam_og3.pcd,0.13,0.08,1.48042,0.0164262,1.25429,0.0118551,0.000608981,3.23992,21.5577,0.107977,1.52308,100000
/home/drrobot1/rgbdslam_catkin_ws/rgbdslam_og4.pcd,0.13,0.08,15.0909,0.326772,15.0372,0.324312,0.00175615,2.06583,14.1811,0.835084,1.63271,100000
/home/drrobot1/rgbdslam_catkin_ws/rgbdslam_og4.pcd,0.13,0.08,0.808909,0.00240729,0.739664,0.0021071,0.000858398,1.92908,14.0467,0.833006,2.14744,100000
/home/drrobot1/rgbdslam_catkin_ws/rgbdslam_og4.pcd,0.13,0.08,5.65638,0.0836022,5.43942,0.0768719,0.00115282,1.91263,14.2748,0.853146,2.542,100000
/home/drrobot1/rgbdslam_catkin_ws/rgbdslam_og1.pcd,0.13,0.1,0.636737,0.00473464,0.427958,0.00241548,0.000628984,1.84273,6.29096,0.421077,1.50572,100000
/home/drrobot1/rgbdslam_catkin_ws/rgbdslam_og1.pcd,0.13,0.1,63.3423,58.9957,63.2724,58.9487,0.00194961,1.84,5.51003,0.377563,1.48645,100000
/home/drrobot1/rgbdslam_catkin_ws/rgbdslam_og1.pcd,0.13,0.1,125.624,53.091,125.546,53.1439,0.00165646,1.82153,5.43951,0.364962,1.70053,100000
/home/drrobot1/rgbdslam_catkin_ws/rgbdslam_og2.pcd,0.13,0.1,2.19071,0.110846,1.71029,0.0692525,0.00169354,0.769651,4.61901,0.107523,0.416269,100000
/home/drrobot1/rgbdslam_catkin_ws/rgbdslam_og2.pcd,0.13,0.1,0.148038,4.2105e-05,0,4.35395e-06,0.00057504,0.772431,5.1099,0.343092,0.397197,100000
/home/drrobot1/rgbdslam_catkin_ws/rgbdslam_og2.pcd,0.13,0.1,0,1.16729e-12,0.0559529,1.24198e-05,0.000571928,0.761663,4.42517,0.064051,0.391277,100000
/home/drrobot1/rgbdslam_catkin_ws/rgbdslam_og3.pcd,0.13,0.1,1.11171,0.00542006,0.99544,0.00398966,0.000537723,3.29128,21.564,0.279652,1.47498,100000
/home/drrobot1/rgbdslam_catkin_ws/rgbdslam_og3.pcd,0.13,0.1,1.13849,0.00100754,1.11487,0.000799952,0.00061152,3.28228,21.8176,0.186478,1.43756,100000
/home/drrobot1/rgbdslam_catkin_ws/rgbdslam_og3.pcd,0.13,0.1,0.947087,0.00144741,0.827089,0.000409732,0.000582226,3.27422,21.4163,0.112208,1.4866,100000
/home/drrobot1/rgbdslam_catkin_ws/rgbdslam_og4.pcd,0.13,0.1,6.01112,0.353691,5.93564,0.342534,0.00128535,2.26972,14.3003,0.519122,2.35959,100000
/home/drrobot1/rgbdslam_catkin_ws/rgbdslam_og4.pcd,0.13,0.1,2.04028,0.0122283,2.01848,0.0124193,0.00123118,1.92244,14.2603,0.893078,2.27056,100000
/home/drrobot1/rgbdslam_catkin_ws/rgbdslam_og4.pcd,0.13,0.1,0,9.74332e-13,0.0625573,8.87854e-06,0.000637876,1.94332,14.511,0.911647,2.15783,100000
/home/drrobot1/rgbdslam_catkin_ws/rgbdslam_og1.pcd,0.13,0.02,0,3.3431e-12,0,2.70577e-06,0.000607149,1.86476,5.86965,1.05739,1.31096,1000000
/home/drrobot1/rgbdslam_catkin_ws/rgbdslam_og1.pcd,0.13,0.02,18.5083,3.60412,18.2856,3.51963,0.00128738,1.84327,6.7853,5.01724,1.58705,1000000
/home/drrobot1/rgbdslam_catkin_ws/rgbdslam_og1.pcd,0.13,0.02,0,9.96181e-12,0.0395647,5.24943e-06,0.000604679,1.85383,6.91908,1.54626,1.28347,1000000
/home/drrobot1/rgbdslam_catkin_ws/rgbdslam_og2.pcd,0.13,0.02,0.635506,0.0101184,0.541041,0.00534431,0.00064431,0.771966,4.93654,1.8641,0.396824,1000000
/home/drrobot1/rgbdslam_catkin_ws/rgbdslam_og2.pcd,0.13,0.02,0.276953,0.000370952,0.227282,0.000210358,0.00059618,0.798074,4.41425,0.485716,0.396965,1000000
/home/drrobot1/rgbdslam_catkin_ws/rgbdslam_og2.pcd,0.13,0.02,0.139882,7.695e-05,0.0559529,1.6321e-05,0.000576209,0.758548,5.13319,0.547975,0.400032,1000000
/home/drrobot1/rgbdslam_catkin_ws/rgbdslam_og3.pcd,0.13,0.02,0.189746,0.000219043,0.118694,0.000102627,0.000440466,3.31714,22.1909,1.47052,1.50174,1000000
/home/drrobot1/rgbdslam_catkin_ws/rgbdslam_og3.pcd,0.13,0.02,0,2.30216e-12,0,4.70047e-06,0.000427788,3.2816,22.4785,1.83274,1.5046,1000000
/home/drrobot1/rgbdslam_catkin_ws/rgbdslam_og3.pcd,0.13,0.02,0.418714,0.000673274,0.245493,0.000197965,0.00043819,3.38997,21.4991,0.459098,1.51301,1000000
/home/drrobot1/rgbdslam_catkin_ws/rgbdslam_og4.pcd,0.13,0.02,43.9052,0.265062,43.8509,0.263705,0.00182115,1.93489,13.6785,8.36791,2.21672,1000000
/home/drrobot1/rgbdslam_catkin_ws/rgbdslam_og4.pcd,0.13,0.02,0.323851,0.000237071,0.303902,0.000147289,0.000673681,1.917,13.7282,3.89866,2.09237,1000000
/home/drrobot1/rgbdslam_catkin_ws/rgbdslam_og4.pcd,0.13,0.02,0.858662,0.00431651,0.726316,0.00347574,0.000735757,1.93632,14.4239,8.78909,2.12479,1000000
/home/drrobot1/rgbdslam_catkin_ws/rgbdslam_og1.pcd,0.13,0.04,90.2188,53.9176,90.0046,53.6939,0.00158802,1.85227,5.68305,1.03838,0.956254,1000000
/home/drrobot1/rgbdslam_catkin_ws/rgbdslam_og1.pcd,0.13,0.04,1.52418,0.0193072,1.18894,0.0116427,0.000652695,1.81983,5.87439,0.910619,1.30624,1000000
/home/drrobot1/rgbdslam_catkin_ws/rgbdslam_og1.pcd,0.13,0.04,16.3172,1.15599,16.299,1.1699,0.00116823,1.84432,5.78082,1.08908,0.637208,1000000
/home/drrobot1/rgbdslam_catkin_ws/rgbdslam_og2.pcd,0.13,0.04,0.427958,0.0077132,0.253338,0.00308187,0.0006111,0.773582,4.90632,0.255162,0.391799,1000000
/home/drrobot1/rgbdslam_catkin_ws/rgbdslam_og2.pcd,0.13,0.04,0,1.59872e-13,0,1.00769e-05,0.000581736,0.772792,4.51634,0.15329,0.395933,1000000
/home/drrobot1/rgbdslam_catkin_ws/rgbdslam_og2.pcd,0.13,0.04,0.0279765,3.42462e-12,0.0484566,1.9511e-05,0.000566373,0.770902,4.4725,0.161081,0.392839,1000000
/home/drrobot1/rgbdslam_catkin_ws/rgbdslam_og3.pcd,0.13,0.04,1.30985,0.00912638,1.00717,0.00564776,0.000541031,3.29971,21.2677,0.238968,1.49801,1000000
/home/drrobot1/rgbdslam_catkin_ws/rgbdslam_og3.pcd,0.13,0.04,0.5028,0.00184073,0.396636,0.00126808,0.000516981,3.26702,21.5847,0.183313,1.48315,1000000
/home/drrobot1/rgbdslam_catkin_ws/rgbdslam_og3.pcd,0.13,0.04,0.216705,2.15373e-05,0.150658,4.02972e-06,0.00044256,3.64808,21.5802,0.282502,1.52616,1000000
/home/drrobot1/rgbdslam_catkin_ws/rgbdslam_og4.pcd,0.13,0.04,0.364769,0.000218247,0.406382,0.000172232,0.000739308,1.9443,14.2091,2.3942,2.11344,1000000
/home/drrobot1/rgbdslam_catkin_ws/rgbdslam_og4.pcd,0.13,0.04,2.526,0.026742,2.5053,0.0256101,0.00104939,1.92933,14.4265,7.88564,2.327,1000000
/home/drrobot1/rgbdslam_catkin_ws/rgbdslam_og4.pcd,0.13,0.04,0.362617,0.00164443,0.336882,0.00125437,0.000699123,1.93301,14.2125,3.2791,2.18791,1000000
/home/drrobot1/rgbdslam_catkin_ws/rgbdslam_og1.pcd,0.13,0.06,8.26667,0.286003,8.24026,0.28077,0.000879,1.85841,5.6087,0.690499,0.882194,1000000
/home/drrobot1/rgbdslam_catkin_ws/rgbdslam_og1.pcd,0.13,0.06,177.716,44.6812,177.726,44.4346,0.00168412,1.83454,5.67543,0.391145,0.633304,1000000
/home/drrobot1/rgbdslam_catkin_ws/rgbdslam_og1.pcd,0.13,0.06,5.95029,0.284825,5.88829,0.279803,0.00101226,1.84115,5.99859,1.49588,1.15555,1000000
/home/drrobot1/rgbdslam_catkin_ws/rgbdslam_og2.pcd,0.13,0.06,1.25336,0.0410257,0.957362,0.0239686,0.000794198,0.767155,4.42665,0.055938,0.399889,1000000
/home/drrobot1/rgbdslam_catkin_ws/rgbdslam_og2.pcd,0.13,0.06,0.379492,0.000929557,0.376385,0.000557764,0.000627031,0.766808,5.40184,0.297739,0.403545,1000000
/home/drrobot1/rgbdslam_catkin_ws/rgbdslam_og2.pcd,0.13,0.06,1.04867,0.0328861,0.849037,0.0208151,0.000786956,0.766931,4.64077,0.266094,0.407885,1000000
/home/drrobot1/rgbdslam_catkin_ws/rgbdslam_og3.pcd,0.13,0.06,0.289391,0.00294151,0.193827,0.00158961,0.000507584,3.2988,21.3263,0.219068,1.50315,1000000
/home/drrobot1/rgbdslam_catkin_ws/rgbdslam_og3.pcd,0.13,0.06,0,2.04636e-12,0,2.35747e-07,0.000434542,3.26048,21.214,0.39626,1.49459,1000000
/home/drrobot1/rgbdslam_catkin_ws/rgbdslam_og3.pcd,0.13,0.06,1.05351,0.0137035,0.85638,0.00911916,0.000538571,3.28443,21.467,0.117167,1.49334,1000000
/home/drrobot1/rgbdslam_catkin_ws/rgbdslam_og4.pcd,0.13,0.06,0.163129,0.000200456,0.0625573,9.39727e-05,0.000652696,1.91926,15.7827,3.31909,2.11835,1000000
/home/drrobot1/rgbdslam_catkin_ws/rgbdslam_og4.pcd,0.13,0.06,0.387654,0.00177164,0.411169,0.00183142,0.000778564,1.92559,14.4167,7.70158,2.13008,1000000
/home/drrobot1/rgbdslam_catkin_ws/rgbdslam_og4.pcd,0.13,0.06,0.158259,0.000180011,0.104678,6.84034e-05,0.000654112,1.92258,14.0746,5.75694,2.11094,1000000
/home/drrobot1/rgbdslam_catkin_ws/rgbdslam_og1.pcd,0.13,0.08,5.27674,0.349153,5.08785,0.323149,0.000867532,1.85835,5.49018,0.398871,1.27094,1000000
/home/drrobot1/rgbdslam_catkin_ws/rgbdslam_og1.pcd,0.13,0.08,3.16793,0.0448769,2.98688,0.0384784,0.00103086,1.83413,5.9063,0.466705,1.33475,1000000
/home/drrobot1/rgbdslam_catkin_ws/rgbdslam_og1.pcd,0.13,0.08,1.42051,0.0133723,1.26393,0.00830705,0.000664414,1.84307,5.99109,0.377013,1.25397,1000000
/home/drrobot1/rgbdslam_catkin_ws/rgbdslam_og2.pcd,0.13,0.08,1.50974,0.0126912,1.13436,0.00694619,0.000790671,0.763109,4.84035,0.221103,0.398564,1000000
/home/drrobot1/rgbdslam_catkin_ws/rgbdslam_og2.pcd,0.13,0.08,0.298707,0.00278558,0.121947,0.000571824,0.000570509,0.780151,5.10598,0.245682,0.402506,1000000
/home/drrobot1/rgbdslam_catkin_ws/rgbdslam_og2.pcd,0.13,0.08,1.15284,0.0255212,0.932932,0.0163023,0.000805708,0.771864,4.98303,0.186509,0.400647,1000000
/home/drrobot1/rgbdslam_catkin_ws/rgbdslam_og3.pcd,0.13,0.08,0.223812,0.000430972,0.125115,0.000310969,0.000504977,3.28304,21.3027,0.345066,1.47923,1000000
/home/drrobot1/rgbdslam_catkin_ws/rgbdslam_og3.pcd,0.13,0.08,0.0969133,2.17566e-05,0,5.79925e-06,0.000435744,3.29218,22.2191,0.273115,1.53539,1000000
/home/drrobot1/rgbdslam_catkin_ws/rgbdslam_og3.pcd,0.13,0.08,0.288036,0.00615638,0.250229,0.0040014,0.000669346,3.26912,21.8824,0.241088,1.60893,1000000
/home/drrobot1/rgbdslam_catkin_ws/rgbdslam_og4.pcd,0.13,0.08,0.436111,0.00179466,0.381549,0.00156138,0.000677915,1.89216,16.228,1.83356,2.10541,1000000
/home/drrobot1/rgbdslam_catkin_ws/rgbdslam_og4.pcd,0.13,0.08,0.0484566,0.00106235,0.0484566,0.00103185,0.000774184,1.91659,14.8341,2.34528,2.11348,1000000
/home/drrobot1/rgbdslam_catkin_ws/rgbdslam_og4.pcd,0.13,0.08,0.415901,0.00320027,0.3743,0.00271204,0.000795552,1.89681,14.6782,2.11683,2.058,1000000
/home/drrobot1/rgbdslam_catkin_ws/rgbdslam_og1.pcd,0.13,0.1,6.63903,0.355587,6.45768,0.334338,0.00105899,1.81459,6.02725,0.452973,1.11006,1000000
/home/drrobot1/rgbdslam_catkin_ws/rgbdslam_og1.pcd,0.13,0.1,20.6093,2.11759,20.482,2.08168,0.00128745,1.86032,5.63099,0.225845,0.655519,1000000
/home/drrobot1/rgbdslam_catkin_ws/rgbdslam_og1.pcd,0.13,0.1,5.47296,0.151737,5.34111,0.142045,0.000922661,1.97723,6.0655,0.688276,1.12575,1000000
/home/drrobot1/rgbdslam_catkin_ws/rgbdslam_og2.pcd,0.13,0.1,1.47087,0.0140464,1.38593,0.0124423,0.000885236,0.773404,5.38368,0.223988,0.399221,1000000
/home/drrobot1/rgbdslam_catkin_ws/rgbdslam_og2.pcd,0.13,0.1,0,1.5179e-12,0.0395647,3.01084e-06,0.000572637,0.77199,4.43486,0.084765,0.393477,1000000
/home/drrobot1/rgbdslam_catkin_ws/rgbdslam_og2.pcd,0.13,0.1,0,5.57721e-07,0.0395647,1.53783e-05,0.000570593,0.756039,5.76304,0.174818,0.391601,1000000
/home/drrobot1/rgbdslam_catkin_ws/rgbdslam_og3.pcd,0.13,0.1,3.48223,0.273774,3.15914,0.22556,0.00122156,3.27109,22.0049,0.484261,1.56831,1000000
/home/drrobot1/rgbdslam_catkin_ws/rgbdslam_og3.pcd,0.13,0.1,0,5.74207e-12,0.0279765,1.08286e-06,0.00042849,3.27984,21.0068,0.058644,1.52204,1000000
/home/drrobot1/rgbdslam_catkin_ws/rgbdslam_og3.pcd,0.13,0.1,0,2.59348e-13,0,6.2583e-06,0.000428088,3.247,21.6403,0.177317,1.51799,1000000
/home/drrobot1/rgbdslam_catkin_ws/rgbdslam_og4.pcd,0.13,0.1,0.542486,5.88696e-05,0.416841,2.85679e-05,0.000663753,1.92002,13.9922,8.64052,2.15459,1000000
/home/drrobot1/rgbdslam_catkin_ws/rgbdslam_og4.pcd,0.13,0.1,17.2705,1.83646,17.2118,1.83004,0.00155142,1.92474,13.8248,8.30037,1.49212,1000000
/home/drrobot1/rgbdslam_catkin_ws/rgbdslam_og4.pcd,0.13,0.1,7.02471,0.641353,6.95567,0.624748,0.00130905,1.91048,15.1338,2.83031,2.35268,1000000
