/home/drrobot1/rgbdslam_catkin_ws/rgbdslam_og1.pcd,0.02,0.16,99.6845,19.6465,98.6873,19.4176,0.00167695,1.8391,0.108711,0.310873,9.06922
/home/drrobot1/rgbdslam_catkin_ws/rgbdslam_og1.pcd,0.02,0.16,138.524,75.9882,137.182,74.508,0.00218346,1.81887,0.107941,0.648346,15.1396
/home/drrobot1/rgbdslam_catkin_ws/rgbdslam_og1.pcd,0.02,0.16,103.936,17.8228,103.001,17.2034,0.00147647,1.83031,0.11016,0.514553,4.99132
/home/drrobot1/rgbdslam_catkin_ws/rgbdslam_og2.pcd,0.02,0.16,nan,149.214,nan,147.664,0.00246634,0.767386,0.054499,3.44489,4.25907
/home/drrobot1/rgbdslam_catkin_ws/rgbdslam_og2.pcd,0.02,0.16,173.565,148.447,nan,149.435,0.002448,0.755272,0.054011,3.6587,4.05525
/home/drrobot1/rgbdslam_catkin_ws/rgbdslam_og2.pcd,0.02,0.16,124.332,115.829,124.424,115.708,0.00232161,0.750955,0.054706,3.12026,3.43067
/home/drrobot1/rgbdslam_catkin_ws/rgbdslam_og3.pcd,0.02,0.16,175.901,42.8513,175.868,42.0398,0.00226921,3.2208,0.240462,12.416,6.94525
/home/drrobot1/rgbdslam_catkin_ws/rgbdslam_og3.pcd,0.02,0.16,nan,196.51,nan,196.642,0.00222102,3.21931,0.238633,9.03097,3.95979
/home/drrobot1/rgbdslam_catkin_ws/rgbdslam_og3.pcd,0.02,0.16,167.027,286.395,167.032,285.628,0.00221754,3.25821,0.242293,9.02936,3.57425
/home/drrobot1/rgbdslam_catkin_ws/rgbdslam_og4.pcd,0.02,0.16,nan,93.4467,176.205,92.1312,0.00226286,1.91548,0.119283,8.81995,18.6626
/home/drrobot1/rgbdslam_catkin_ws/rgbdslam_og4.pcd,0.02,0.16,nan,131.286,nan,131.293,0.00232104,1.8649,0.118074,7.17358,11.8272
/home/drrobot1/rgbdslam_catkin_ws/rgbdslam_og4.pcd,0.02,0.16,28.4108,5.1836,28.5458,5.26724,0.00190239,1.87965,0.118117,9.29532,22.192
/home/drrobot1/rgbdslam_catkin_ws/rgbdslam_og1.pcd,0.04,0.16,165.87,122.678,166.258,122.666,0.00211207,1.83811,0.117368,0.657187,4.11482
