/home/drrobot1/rgbdslam_catkin_ws/rgbdslam_og1.pcd,0.1,0.02,118.889,12.5998,118.889,12.5998,1.79769e+308,1.82855,1.33617,0.003714,1.18952
/home/drrobot1/rgbdslam_catkin_ws/rgbdslam_og1.pcd,0.1,0.02,156.276,0.721129,156.276,0.721129,1.79769e+308,1.82561,1.5389,0.004599,3.49136
/home/drrobot1/rgbdslam_catkin_ws/rgbdslam_og1.pcd,0.1,0.02,162.369,8.59874,162.369,8.59874,1.79769e+308,1.823,1.31744,0.003797,0.58716
/home/drrobot1/rgbdslam_catkin_ws/rgbdslam_og2.pcd,0.1,0.02,7.79201,0.795523,7.05519,0.636336,0.00134941,0.768282,1.19693,0.008039,3.86237
/home/drrobot1/rgbdslam_catkin_ws/rgbdslam_og2.pcd,0.1,0.02,129.557,17.3281,129.557,17.3281,1.79769e+308,0.752825,1.14954,0.007639,0.891416
/home/drrobot1/rgbdslam_catkin_ws/rgbdslam_og2.pcd,0.1,0.02,127.6,2.20009,127.6,2.20009,1.79769e+308,0.750283,1.17456,0.008308,0.555237
/home/drrobot1/rgbdslam_catkin_ws/rgbdslam_og3.pcd,0.1,0.02,2.19303,0.0227316,1.29241,0.00169921,0.000599338,3.21711,5.58603,0.01321,10.9441
/home/drrobot1/rgbdslam_catkin_ws/rgbdslam_og3.pcd,0.1,0.02,172.642,10.5137,172.642,10.5137,0.0060028,3.21628,5.42928,0.012501,5.20454
/home/drrobot1/rgbdslam_catkin_ws/rgbdslam_og3.pcd,0.1,0.02,167.027,10.5381,167.027,10.5381,1.79769e+308,3.26846,5.39722,0.012966,1.22336
/home/drrobot1/rgbdslam_catkin_ws/rgbdslam_og4.pcd,0.1,0.02,137.645,15.2299,137.645,15.2299,1.79769e+308,1.91513,4.01046,0.009414,5.44299
/home/drrobot1/rgbdslam_catkin_ws/rgbdslam_og4.pcd,0.1,0.02,88.8212,6.45013,88.8212,6.45013,0.00298674,1.86457,3.41291,0.008747,9.08744
/home/drrobot1/rgbdslam_catkin_ws/rgbdslam_og4.pcd,0.1,0.02,100.033,8.69014,100.033,8.69014,1.79769e+308,1.87818,3.78387,0.00993,3.89414
/home/drrobot1/rgbdslam_catkin_ws/rgbdslam_og1.pcd,0.1,0.04,153.324,5.48092,152.69,6.06229,0.0019495,1.8469,1.34859,0.003903,16.2274
/home/drrobot1/rgbdslam_catkin_ws/rgbdslam_og1.pcd,0.1,0.04,77.6617,9.34624,77.6617,9.34624,1.79769e+308,1.83557,1.5906,0.004641,3.49784
/home/drrobot1/rgbdslam_catkin_ws/rgbdslam_og1.pcd,0.1,0.04,175.596,7.63126,175.596,7.63126,1.79769e+308,1.82612,1.52391,0.004513,2.00798
/home/drrobot1/rgbdslam_catkin_ws/rgbdslam_og2.pcd,0.1,0.04,178.423,11.2339,178.423,11.2339,1.79769e+308,0.760404,1.24987,0.009514,0.71783
/home/drrobot1/rgbdslam_catkin_ws/rgbdslam_og2.pcd,0.1,0.04,4.71883,0.37927,2.08262,0.0244754,0.00118722,0.761785,1.27281,0.009672,3.61424
/home/drrobot1/rgbdslam_catkin_ws/rgbdslam_og2.pcd,0.1,0.04,58.3708,6.11073,58.3708,6.11073,1.79769e+308,0.763088,1.25992,0.00911,0.534829
/home/drrobot1/rgbdslam_catkin_ws/rgbdslam_og3.pcd,0.1,0.04,0,1.40687e-12,0,9.44581e-06,0.000431231,3.21062,5.45928,0.012245,5.83212
/home/drrobot1/rgbdslam_catkin_ws/rgbdslam_og3.pcd,0.1,0.04,0.527119,0.000931008,0,9.39707e-06,0.000431137,3.23215,5.49963,0.0122,11.5939
/home/drrobot1/rgbdslam_catkin_ws/rgbdslam_og3.pcd,0.1,0.04,0,6.99529e-12,0,3.23139e-05,0.000430086,3.23945,5.5029,0.012898,6.94626
/home/drrobot1/rgbdslam_catkin_ws/rgbdslam_og4.pcd,0.1,0.04,92.5017,4.72691,92.5017,4.72691,1.79769e+308,1.90209,3.64937,0.009505,5.57843
/home/drrobot1/rgbdslam_catkin_ws/rgbdslam_og4.pcd,0.1,0.04,163.758,10.0903,153.279,12.1581,0.00365354,1.88411,3.49389,0.009179,24.9279
/home/drrobot1/rgbdslam_catkin_ws/rgbdslam_og4.pcd,0.1,0.04,119.078,14.5184,119.082,14.8041,0.00261932,1.87705,3.57048,0.008381,41.4431
/home/drrobot1/rgbdslam_catkin_ws/rgbdslam_og1.pcd,0.1,0.06,146.829,10.6959,146.472,10.7473,0.00247796,1.80727,1.34556,0.003919,4.72686
/home/drrobot1/rgbdslam_catkin_ws/rgbdslam_og1.pcd,0.1,0.06,123.231,11.2173,123.231,11.2173,1.79769e+308,1.80546,1.47136,0.004588,0.648507
/home/drrobot1/rgbdslam_catkin_ws/rgbdslam_og1.pcd,0.1,0.06,83.3115,5.4063,83.1838,5.61755,0.00208452,1.80727,1.53925,0.004729,10.6977
/home/drrobot1/rgbdslam_catkin_ws/rgbdslam_og2.pcd,0.1,0.06,1.1011,0.00203427,0,2.6082e-05,0.00057514,0.755471,1.13646,0.007529,3.25717
/home/drrobot1/rgbdslam_catkin_ws/rgbdslam_og2.pcd,0.1,0.06,58.6454,62.5555,58.3706,62.2138,0.00230855,0.764129,1.20163,0.009362,3.8566
/home/drrobot1/rgbdslam_catkin_ws/rgbdslam_og2.pcd,0.1,0.06,8.31725,0.425518,7.07274,0.286707,0.00141997,0.74802,1.28069,0.009375,3.8176
/home/drrobot1/rgbdslam_catkin_ws/rgbdslam_og3.pcd,0.1,0.06,56.4462,7.11544,56.4462,7.11544,1.79769e+308,3.23696,5.48432,0.012854,2.50969
/home/drrobot1/rgbdslam_catkin_ws/rgbdslam_og3.pcd,0.1,0.06,12.5042,2.04297,12.1399,1.74898,0.00164378,3.21974,5.45168,0.012339,5.80263
/home/drrobot1/rgbdslam_catkin_ws/rgbdslam_og3.pcd,0.1,0.06,0,5.63105e-12,0.0625573,1.39878e-05,0.000430973,3.223,5.39977,0.012604,6.92679
/home/drrobot1/rgbdslam_catkin_ws/rgbdslam_og4.pcd,0.1,0.06,77.3659,16.4165,76.9165,15.9996,0.00269704,1.88156,4.25357,0.010487,16.25
/home/drrobot1/rgbdslam_catkin_ws/rgbdslam_og4.pcd,0.1,0.06,78.4716,53.2955,77.7862,52.929,0.00228844,1.89533,3.81306,0.010816,17.3106
/home/drrobot1/rgbdslam_catkin_ws/rgbdslam_og4.pcd,0.1,0.06,90.6816,5.2975,90.1794,5.14844,0.00226482,1.87362,3.80959,0.010042,22.559
/home/drrobot1/rgbdslam_catkin_ws/rgbdslam_og1.pcd,0.1,0.08,16.5517,1.92567,15.3728,1.47768,0.00121592,1.78763,1.3603,0.004119,5.76576
/home/drrobot1/rgbdslam_catkin_ws/rgbdslam_og1.pcd,0.1,0.08,133.31,74.2638,133.968,75.0201,0.00271587,1.82993,1.54671,0.004766,4.67185
/home/drrobot1/rgbdslam_catkin_ws/rgbdslam_og1.pcd,0.1,0.08,3.64916,1.27822,3.59924,1.1416,0.000992201,1.83124,1.34132,0.003958,4.0075
/home/drrobot1/rgbdslam_catkin_ws/rgbdslam_og2.pcd,0.1,0.08,3.48942,0.0950361,1.87263,0.0258361,0.000904082,0.75915,1.25752,0.009506,3.44512
/home/drrobot1/rgbdslam_catkin_ws/rgbdslam_og2.pcd,0.1,0.08,12.8073,0.0436608,12.2628,0.0329084,0.00192642,0.748513,1.13677,0.007648,3.65259
/home/drrobot1/rgbdslam_catkin_ws/rgbdslam_og2.pcd,0.1,0.08,156.728,113.55,156.772,113.553,0.00267009,0.7578,1.16201,0.007802,2.09324
/home/drrobot1/rgbdslam_catkin_ws/rgbdslam_og3.pcd,0.1,0.08,5.96989,0.603114,4.16424,0.321513,0.00164996,3.25119,5.46228,0.012867,11.4445
/home/drrobot1/rgbdslam_catkin_ws/rgbdslam_og3.pcd,0.1,0.08,29.8875,1.21154,30.2746,1.14067,0.00262287,3.23841,5.45853,0.012473,4.00218
/home/drrobot1/rgbdslam_catkin_ws/rgbdslam_og3.pcd,0.1,0.08,164.999,12.3159,164.999,12.3159,1.79769e+308,3.23135,5.42853,0.012107,9.44439
/home/drrobot1/rgbdslam_catkin_ws/rgbdslam_og4.pcd,0.1,0.08,156.079,2.9176,156.079,2.9176,1.79769e+308,1.90138,3.79844,0.010515,4.80565
/home/drrobot1/rgbdslam_catkin_ws/rgbdslam_og4.pcd,0.1,0.08,157.081,20.7827,157.081,20.7827,1.79769e+308,1.88644,3.53141,0.009319,6.53964
/home/drrobot1/rgbdslam_catkin_ws/rgbdslam_og4.pcd,0.1,0.08,167.269,14.0358,167.238,14.1179,0.00204816,1.91891,3.8852,0.010603,24.7449
/home/drrobot1/rgbdslam_catkin_ws/rgbdslam_og1.pcd,0.1,0.1,65.037,26.4929,64.7512,26.1931,0.00195058,1.8131,1.56253,0.004795,6.30875
/home/drrobot1/rgbdslam_catkin_ws/rgbdslam_og1.pcd,0.1,0.1,31.5034,0.486814,31.5984,0.469069,0.00158249,1.81948,1.43511,0.004203,4.44584
/home/drrobot1/rgbdslam_catkin_ws/rgbdslam_og1.pcd,0.1,0.1,54.7873,40.4217,52.2699,36.787,0.00158663,1.83827,1.34122,0.004041,7.63279
/home/drrobot1/rgbdslam_catkin_ws/rgbdslam_og2.pcd,0.1,0.1,2.43285,0.0841062,1.57545,0.00877654,0.000961764,0.749107,1.20737,0.008208,3.46933
/home/drrobot1/rgbdslam_catkin_ws/rgbdslam_og2.pcd,0.1,0.1,97.2322,49.1976,98.464,50.0647,0.00250294,0.75168,1.13256,0.007345,7.0473
/home/drrobot1/rgbdslam_catkin_ws/rgbdslam_og2.pcd,0.1,0.1,174.026,37.5277,174.028,37.9797,0.00252372,0.750892,1.39594,0.010974,5.07916
/home/drrobot1/rgbdslam_catkin_ws/rgbdslam_og3.pcd,0.1,0.1,161.547,8.52129,162.344,8.27212,0.00189511,3.32144,5.47568,0.012242,21.4317
/home/drrobot1/rgbdslam_catkin_ws/rgbdslam_og3.pcd,0.1,0.1,158.82,4.62438,159.737,4.3335,0.00199858,3.25992,5.49806,0.01254,17.6007
/home/drrobot1/rgbdslam_catkin_ws/rgbdslam_og3.pcd,0.1,0.1,66.9043,13.0494,66.9043,13.0494,1.79769e+308,3.24672,5.85838,0.015131,10.8444
/home/drrobot1/rgbdslam_catkin_ws/rgbdslam_og4.pcd,0.1,0.1,49.7425,3.09486,47.8966,3.13632,0.00255136,1.90232,3.97924,0.014834,13.2919
/home/drrobot1/rgbdslam_catkin_ws/rgbdslam_og4.pcd,0.1,0.1,108.216,54.7934,109.026,55.2134,0.00215111,1.91457,3.69552,0.009916,12.1196
/home/drrobot1/rgbdslam_catkin_ws/rgbdslam_og4.pcd,0.1,0.1,164.161,3.65259,164.161,3.65259,1.79769e+308,1.90951,3.89693,0.011024,2.94093
/home/drrobot1/rgbdslam_catkin_ws/rgbdslam_og1.pcd,0.1,0.12,18.4714,4.64338,17.7167,4.28058,0.00220997,1.83644,1.53493,0.004667,4.76984
/home/drrobot1/rgbdslam_catkin_ws/rgbdslam_og1.pcd,0.1,0.12,10.8424,1.68847,9.45405,1.41562,0.00112515,1.82125,1.55858,0.004892,3.98434
/home/drrobot1/rgbdslam_catkin_ws/rgbdslam_og1.pcd,0.1,0.12,35.1155,25.8324,33.34,23.7898,0.00159427,1.82434,1.43599,0.004301,3.70809
/home/drrobot1/rgbdslam_catkin_ws/rgbdslam_og2.pcd,0.1,0.12,13.2435,0.93096,14.0562,0.969448,0.00222813,0.750936,1.48585,0.011318,2.24219
/home/drrobot1/rgbdslam_catkin_ws/rgbdslam_og2.pcd,0.1,0.12,0.358274,0.00324668,0,6.29639e-05,0.000575407,0.762527,1.27466,0.00849,2.98786
/home/drrobot1/rgbdslam_catkin_ws/rgbdslam_og2.pcd,0.1,0.12,14.843,2.34702,13.234,1.74506,0.00158277,0.756494,1.17386,0.008659,5.32148
/home/drrobot1/rgbdslam_catkin_ws/rgbdslam_og3.pcd,0.1,0.12,40.2819,10.274,39.9168,10.1551,0.00264794,3.23368,5.57113,0.013607,3.30672
/home/drrobot1/rgbdslam_catkin_ws/rgbdslam_og3.pcd,0.1,0.12,13.5322,1.45928,13.4088,1.23563,0.00175646,3.2448,5.64823,0.013806,5.63481
/home/drrobot1/rgbdslam_catkin_ws/rgbdslam_og3.pcd,0.1,0.12,154.176,51.6508,154.093,51.8836,0.00189365,3.23873,5.43619,0.012776,13.2099
/home/drrobot1/rgbdslam_catkin_ws/rgbdslam_og4.pcd,0.1,0.12,113.422,16.1859,113.085,15.8224,0.0017473,1.88594,3.86288,0.009141,26.2607
/home/drrobot1/rgbdslam_catkin_ws/rgbdslam_og4.pcd,0.1,0.12,56.7263,6.95928,55.5775,6.78921,0.00241666,1.87767,3.96487,0.010538,11.0713
/home/drrobot1/rgbdslam_catkin_ws/rgbdslam_og4.pcd,0.1,0.12,60.7948,3.4317,60.423,3.29587,0.00220428,1.89499,4.1353,0.011603,19.1494
/home/drrobot1/rgbdslam_catkin_ws/rgbdslam_og1.pcd,0.1,0.12,22.6073,1.18175,20.3273,0.981178,0.0012335,1.82887,1.34642,0.00374,7.47331
/home/drrobot1/rgbdslam_catkin_ws/rgbdslam_og1.pcd,0.1,0.12,23.4858,4.25539,21.1391,3.17394,0.00123508,1.805,1.52167,0.004634,9.81612
/home/drrobot1/rgbdslam_catkin_ws/rgbdslam_og1.pcd,0.1,0.12,162.369,8.59874,162.369,8.59874,1.79769e+308,1.88989,1.32092,0.00395,0.591492
/home/drrobot1/rgbdslam_catkin_ws/rgbdslam_og2.pcd,0.1,0.12,7.79201,0.795523,7.05519,0.636336,0.00134941,0.765143,1.19799,0.008086,3.86017
/home/drrobot1/rgbdslam_catkin_ws/rgbdslam_og2.pcd,0.1,0.12,2.87044,0.118858,2.42721,0.0767906,0.00109731,0.756775,1.17294,0.007695,3.35554
/home/drrobot1/rgbdslam_catkin_ws/rgbdslam_og2.pcd,0.1,0.12,172.858,171.147,172.926,171.876,0.00271832,0.744767,1.17714,0.008375,5.03485
/home/drrobot1/rgbdslam_catkin_ws/rgbdslam_og3.pcd,0.1,0.12,2.19303,0.0227316,1.29241,0.00169921,0.000599338,3.18755,5.54223,0.013184,10.8972
/home/drrobot1/rgbdslam_catkin_ws/rgbdslam_og3.pcd,0.1,0.12,58.9982,40.0282,58.5218,39.5348,0.00277984,3.19847,5.39999,0.01237,5.06099
/home/drrobot1/rgbdslam_catkin_ws/rgbdslam_og3.pcd,0.1,0.12,57.2454,72.8699,56.0264,69.5973,0.00216049,3.22683,5.37509,0.012959,10.2815
/home/drrobot1/rgbdslam_catkin_ws/rgbdslam_og4.pcd,0.1,0.12,90.4642,37.6702,90.3248,35.6456,0.00193354,1.8993,4.00413,0.009333,13.935
/home/drrobot1/rgbdslam_catkin_ws/rgbdslam_og4.pcd,0.1,0.12,39.9026,6.89746,39.122,6.62004,0.00163073,1.85214,3.4278,0.008871,17.5247
/home/drrobot1/rgbdslam_catkin_ws/rgbdslam_og4.pcd,0.1,0.12,58.2681,33.0793,57.1279,32.0537,0.00167412,1.86778,3.77905,0.010055,11.3833
/home/drrobot1/rgbdslam_catkin_ws/rgbdslam_og1.pcd,0.1,0.14,9.94337,0.0358361,9.57097,0.0137925,0.0010621,1.82045,1.33599,0.003946,7.34255
/home/drrobot1/rgbdslam_catkin_ws/rgbdslam_og1.pcd,0.1,0.14,9.09703,1.72426,8.37649,1.47878,0.00100657,1.81489,1.58203,0.004691,5.98925
/home/drrobot1/rgbdslam_catkin_ws/rgbdslam_og1.pcd,0.1,0.14,28.3107,3.18441,27.2854,2.75548,0.00157225,1.80185,1.51832,0.004525,11.3926
/home/drrobot1/rgbdslam_catkin_ws/rgbdslam_og2.pcd,0.1,0.14,6.31361,0.365044,6.08283,0.256158,0.0015926,0.758452,1.24931,0.009528,2.83744
/home/drrobot1/rgbdslam_catkin_ws/rgbdslam_og2.pcd,0.1,0.14,4.71883,0.37927,2.08262,0.0244754,0.00118722,0.755882,1.27107,0.00967,3.59621
/home/drrobot1/rgbdslam_catkin_ws/rgbdslam_og2.pcd,0.1,0.14,29.8848,19.3803,28.9189,18.2324,0.00220648,0.754952,1.26082,0.009206,6.28396
/home/drrobot1/rgbdslam_catkin_ws/rgbdslam_og3.pcd,0.1,0.14,0,1.40687e-12,0,9.44581e-06,0.000431231,3.21839,5.51504,0.012181,5.99168
/home/drrobot1/rgbdslam_catkin_ws/rgbdslam_og3.pcd,0.1,0.14,0.527119,0.000931008,0,9.39707e-06,0.000431137,3.22273,5.59128,0.01224,11.4349
/home/drrobot1/rgbdslam_catkin_ws/rgbdslam_og3.pcd,0.1,0.14,0,6.99529e-12,0,3.23139e-05,0.000430086,3.21514,5.47409,0.012822,6.90352
/home/drrobot1/rgbdslam_catkin_ws/rgbdslam_og4.pcd,0.1,0.14,7.85933,0.443844,7.64673,0.439246,0.00185142,1.88745,3.64561,0.009601,15.3544
/home/drrobot1/rgbdslam_catkin_ws/rgbdslam_og4.pcd,0.1,0.14,18.3996,0.26034,18.4274,0.243875,0.001722,1.86359,3.48184,0.009346,6.98075
/home/drrobot1/rgbdslam_catkin_ws/rgbdslam_og4.pcd,0.1,0.14,119.078,14.5184,119.082,14.8041,0.00261932,1.86,3.55625,0.008649,41.5024
/home/drrobot1/rgbdslam_catkin_ws/rgbdslam_og1.pcd,0.1,0.16,14.3249,0.163334,13.7367,0.116625,0.00115727,1.79957,1.33898,0.003947,5.6196
/home/drrobot1/rgbdslam_catkin_ws/rgbdslam_og1.pcd,0.1,0.16,44.4644,28.5665,43.5286,27.733,0.00175998,1.7796,1.47041,0.004623,3.33813
/home/drrobot1/rgbdslam_catkin_ws/rgbdslam_og1.pcd,0.1,0.16,21.5867,0.206225,20.9404,0.17009,0.00137231,1.78712,1.53148,0.004752,6.17347
/home/drrobot1/rgbdslam_catkin_ws/rgbdslam_og2.pcd,0.1,0.16,1.1011,0.00203427,0,2.6082e-05,0.00057514,0.749734,1.1387,0.007507,3.2371
/home/drrobot1/rgbdslam_catkin_ws/rgbdslam_og2.pcd,0.1,0.16,48.9485,1.33544,49.1973,1.33039,0.00267997,0.75733,1.20251,0.009362,3.90271
/home/drrobot1/rgbdslam_catkin_ws/rgbdslam_og2.pcd,0.1,0.16,8.31725,0.425518,7.07274,0.286707,0.00141997,0.743129,1.28378,0.009383,3.8108
/home/drrobot1/rgbdslam_catkin_ws/rgbdslam_og3.pcd,0.1,0.16,171.033,11.6595,170.87,11.814,0.00224901,3.19503,5.47213,0.01259,2.62294
/home/drrobot1/rgbdslam_catkin_ws/rgbdslam_og3.pcd,0.1,0.16,12.5042,2.04297,12.1399,1.74898,0.00164378,3.19271,5.45744,0.012342,5.76644
/home/drrobot1/rgbdslam_catkin_ws/rgbdslam_og3.pcd,0.1,0.16,0,5.63105e-12,0.0625573,1.39878e-05,0.000430973,3.20445,5.39866,0.012551,6.90214
/home/drrobot1/rgbdslam_catkin_ws/rgbdslam_og4.pcd,0.1,0.16,124.391,52.5629,124.254,52.4566,0.00200089,1.87339,4.2468,0.010576,12.5105
/home/drrobot1/rgbdslam_catkin_ws/rgbdslam_og4.pcd,0.1,0.16,78.4716,53.2955,77.7862,52.929,0.00228844,1.87921,3.79962,0.010961,17.1578
/home/drrobot1/rgbdslam_catkin_ws/rgbdslam_og4.pcd,0.1,0.16,40.052,22.9549,41.0495,23.9182,0.00253239,1.85432,3.82252,0.009847,12.0851
/home/drrobot1/rgbdslam_catkin_ws/rgbdslam_og1.pcd,0.1,0.18,13.1101,0.114634,13.257,0.0708861,0.00110201,1.7714,1.35893,0.004146,4.59319
/home/drrobot1/rgbdslam_catkin_ws/rgbdslam_og1.pcd,0.1,0.18,167.258,41.6073,167.669,41.0028,0.00187175,1.79906,1.53809,0.00477,4.2952
/home/drrobot1/rgbdslam_catkin_ws/rgbdslam_og1.pcd,0.1,0.18,3.64916,1.27822,3.59924,1.1416,0.000992201,1.81187,1.33179,0.003978,3.98304
/home/drrobot1/rgbdslam_catkin_ws/rgbdslam_og2.pcd,0.1,0.18,3.48942,0.0950361,1.87263,0.0258361,0.000904082,0.756948,1.25954,0.009472,3.41425
/home/drrobot1/rgbdslam_catkin_ws/rgbdslam_og2.pcd,0.1,0.18,12.8073,0.0436608,12.2628,0.0329084,0.00192642,0.744012,1.13522,0.007655,3.65072
/home/drrobot1/rgbdslam_catkin_ws/rgbdslam_og2.pcd,0.1,0.18,7.75838,0.0314444,6.6645,0.0151687,0.00209346,0.763877,1.16816,0.007793,3.29235
/home/drrobot1/rgbdslam_catkin_ws/rgbdslam_og3.pcd,0.1,0.18,5.96989,0.603114,4.16424,0.321513,0.00164996,3.32631,5.44714,0.01313,11.5404
/home/drrobot1/rgbdslam_catkin_ws/rgbdslam_og3.pcd,0.1,0.18,15.9624,1.56844,15.1844,1.39162,0.00192518,3.27999,5.53538,0.01237,5.63394
/home/drrobot1/rgbdslam_catkin_ws/rgbdslam_og3.pcd,0.1,0.18,151.597,154.443,151.781,153.996,0.00235264,3.25927,5.51707,0.012104,16.9739
/home/drrobot1/rgbdslam_catkin_ws/rgbdslam_og4.pcd,0.1,0.18,10.0852,0.219176,10.0666,0.216296,0.00183926,1.96325,3.84798,0.010552,12.8438
/home/drrobot1/rgbdslam_catkin_ws/rgbdslam_og4.pcd,0.1,0.18,156.501,56.4909,155.79,56.4171,0.00292707,1.87414,3.58972,0.009415,14.2032
/home/drrobot1/rgbdslam_catkin_ws/rgbdslam_og4.pcd,0.1,0.18,83.6307,2.35857,83.9774,2.32173,0.00208272,1.97962,3.94833,0.010741,22.5916
/home/drrobot1/rgbdslam_catkin_ws/rgbdslam_og1.pcd,0.1,0.2,13.5931,0.0966418,13.2291,0.106794,0.00116433,1.79247,1.55448,0.004813,5.89441
/home/drrobot1/rgbdslam_catkin_ws/rgbdslam_og1.pcd,0.1,0.2,16.2389,0.216481,16.0047,0.255125,0.00134606,1.80165,1.42754,0.00424,6.28641
/home/drrobot1/rgbdslam_catkin_ws/rgbdslam_og1.pcd,0.1,0.2,3.96428,0.26603,1.35624,0.0336387,0.00100792,1.82052,1.33484,0.004062,10.3123
/home/drrobot1/rgbdslam_catkin_ws/rgbdslam_og2.pcd,0.1,0.2,2.43285,0.0841062,1.57545,0.00877654,0.000961764,0.740642,1.20605,0.008285,3.44563
/home/drrobot1/rgbdslam_catkin_ws/rgbdslam_og2.pcd,0.1,0.2,10.6829,0.507799,10.5259,0.473056,0.00186412,0.746306,1.13335,0.00744,3.70698
/home/drrobot1/rgbdslam_catkin_ws/rgbdslam_og2.pcd,0.1,0.2,15.2945,1.51156,14.0279,1.27427,0.00168999,0.746048,1.3911,0.011058,5.61601
/home/drrobot1/rgbdslam_catkin_ws/rgbdslam_og3.pcd,0.1,0.2,32.8985,7.31271,32.6266,7.17866,0.00245907,3.22398,5.43936,0.012357,8.38068
/home/drrobot1/rgbdslam_catkin_ws/rgbdslam_og3.pcd,0.1,0.2,21.4353,0.582645,20.9876,0.563403,0.00231305,3.23543,5.46385,0.012622,5.80319
/home/drrobot1/rgbdslam_catkin_ws/rgbdslam_og3.pcd,0.1,0.2,157.121,74.5108,156.594,74.4662,0.0014742,3.22146,5.84493,0.015188,22.9869
/home/drrobot1/rgbdslam_catkin_ws/rgbdslam_og4.pcd,0.1,0.2,10.5391,0.283398,9.91266,0.253107,0.00200006,1.89557,3.97566,0.0099,15.5895
/home/drrobot1/rgbdslam_catkin_ws/rgbdslam_og4.pcd,0.1,0.2,170.812,21.5409,170.818,21.4887,0.00222211,1.89883,3.68343,0.009975,9.58999
/home/drrobot1/rgbdslam_catkin_ws/rgbdslam_og4.pcd,0.1,0.2,42.0214,14.1599,40.9051,13.5833,0.00207759,1.89711,3.88962,0.010997,22.003
